&CONTROL
  calculation = 'scf'
  restart_mode       = 'restart'
  etot_conv_thr =   4.0000000000d-05
  forc_conv_thr =   1.0000000000d-04
  outdir = './out/'
  prefix = 'fese'
  pseudo_dir = '../../pseudo/'
  tprnfor = .true.
  tstress = .true.
  verbosity = 'high'
/
&SYSTEM
  ecutrho =   1.0800000000d+03
  ecutwfc =   9.0000000000d+01
  ibrav = 0
  nat = 4
  ntyp = 2
  occupations = 'smearing'
  smearing = 'f-d'
  degauss = 0.0015
  dmft     = .true.
  dmft_prefix        = 'fese'
  nosym          = .true.
/
&ELECTRONS
  electron_maxstep   = 1,
  conv_thr           = 1.0d-12,
  mixing_beta        = 0.3,
  mixing_mode        = 'local-TF'
  startingpot        = 'file',
  startingwfc        = 'file',
/
ATOMIC_SPECIES
Fe     55.845 Fe.pz-n-rrkjus_psl.1.0.0.UPF
Se     78.96 Se.pz-n-rrkjus_psl.1.0.0.UPF
ATOMIC_POSITIONS crystal
Fe           0.7500000000       0.2500000000       0.0000000000
Fe           0.2500000000       0.7500000000       0.0000000000
Se           0.2500000000       0.2500000000       0.2313200000
Se           0.7500000000       0.7500000000       0.7686800000
CELL_PARAMETERS angstrom
        3.7685000000     0.0000000000     0.0000000000
       -0.0000000000     3.7685000000     0.0000000000
        0.0000000000     0.0000000000     5.5194000000
K_POINTS crystal
256
  0.00000000  0.00000000  0.00000000  3.906250e-03
  0.00000000  0.00000000  0.25000000  3.906250e-03
  0.00000000  0.00000000  0.50000000  3.906250e-03
  0.00000000  0.00000000  0.75000000  3.906250e-03
  0.00000000  0.12500000  0.00000000  3.906250e-03
  0.00000000  0.12500000  0.25000000  3.906250e-03
  0.00000000  0.12500000  0.50000000  3.906250e-03
  0.00000000  0.12500000  0.75000000  3.906250e-03
  0.00000000  0.25000000  0.00000000  3.906250e-03
  0.00000000  0.25000000  0.25000000  3.906250e-03
  0.00000000  0.25000000  0.50000000  3.906250e-03
  0.00000000  0.25000000  0.75000000  3.906250e-03
  0.00000000  0.37500000  0.00000000  3.906250e-03
  0.00000000  0.37500000  0.25000000  3.906250e-03
  0.00000000  0.37500000  0.50000000  3.906250e-03
  0.00000000  0.37500000  0.75000000  3.906250e-03
  0.00000000  0.50000000  0.00000000  3.906250e-03
  0.00000000  0.50000000  0.25000000  3.906250e-03
  0.00000000  0.50000000  0.50000000  3.906250e-03
  0.00000000  0.50000000  0.75000000  3.906250e-03
  0.00000000  0.62500000  0.00000000  3.906250e-03
  0.00000000  0.62500000  0.25000000  3.906250e-03
  0.00000000  0.62500000  0.50000000  3.906250e-03
  0.00000000  0.62500000  0.75000000  3.906250e-03
  0.00000000  0.75000000  0.00000000  3.906250e-03
  0.00000000  0.75000000  0.25000000  3.906250e-03
  0.00000000  0.75000000  0.50000000  3.906250e-03
  0.00000000  0.75000000  0.75000000  3.906250e-03
  0.00000000  0.87500000  0.00000000  3.906250e-03
  0.00000000  0.87500000  0.25000000  3.906250e-03
  0.00000000  0.87500000  0.50000000  3.906250e-03
  0.00000000  0.87500000  0.75000000  3.906250e-03
  0.12500000  0.00000000  0.00000000  3.906250e-03
  0.12500000  0.00000000  0.25000000  3.906250e-03
  0.12500000  0.00000000  0.50000000  3.906250e-03
  0.12500000  0.00000000  0.75000000  3.906250e-03
  0.12500000  0.12500000  0.00000000  3.906250e-03
  0.12500000  0.12500000  0.25000000  3.906250e-03
  0.12500000  0.12500000  0.50000000  3.906250e-03
  0.12500000  0.12500000  0.75000000  3.906250e-03
  0.12500000  0.25000000  0.00000000  3.906250e-03
  0.12500000  0.25000000  0.25000000  3.906250e-03
  0.12500000  0.25000000  0.50000000  3.906250e-03
  0.12500000  0.25000000  0.75000000  3.906250e-03
  0.12500000  0.37500000  0.00000000  3.906250e-03
  0.12500000  0.37500000  0.25000000  3.906250e-03
  0.12500000  0.37500000  0.50000000  3.906250e-03
  0.12500000  0.37500000  0.75000000  3.906250e-03
  0.12500000  0.50000000  0.00000000  3.906250e-03
  0.12500000  0.50000000  0.25000000  3.906250e-03
  0.12500000  0.50000000  0.50000000  3.906250e-03
  0.12500000  0.50000000  0.75000000  3.906250e-03
  0.12500000  0.62500000  0.00000000  3.906250e-03
  0.12500000  0.62500000  0.25000000  3.906250e-03
  0.12500000  0.62500000  0.50000000  3.906250e-03
  0.12500000  0.62500000  0.75000000  3.906250e-03
  0.12500000  0.75000000  0.00000000  3.906250e-03
  0.12500000  0.75000000  0.25000000  3.906250e-03
  0.12500000  0.75000000  0.50000000  3.906250e-03
  0.12500000  0.75000000  0.75000000  3.906250e-03
  0.12500000  0.87500000  0.00000000  3.906250e-03
  0.12500000  0.87500000  0.25000000  3.906250e-03
  0.12500000  0.87500000  0.50000000  3.906250e-03
  0.12500000  0.87500000  0.75000000  3.906250e-03
  0.25000000  0.00000000  0.00000000  3.906250e-03
  0.25000000  0.00000000  0.25000000  3.906250e-03
  0.25000000  0.00000000  0.50000000  3.906250e-03
  0.25000000  0.00000000  0.75000000  3.906250e-03
  0.25000000  0.12500000  0.00000000  3.906250e-03
  0.25000000  0.12500000  0.25000000  3.906250e-03
  0.25000000  0.12500000  0.50000000  3.906250e-03
  0.25000000  0.12500000  0.75000000  3.906250e-03
  0.25000000  0.25000000  0.00000000  3.906250e-03
  0.25000000  0.25000000  0.25000000  3.906250e-03
  0.25000000  0.25000000  0.50000000  3.906250e-03
  0.25000000  0.25000000  0.75000000  3.906250e-03
  0.25000000  0.37500000  0.00000000  3.906250e-03
  0.25000000  0.37500000  0.25000000  3.906250e-03
  0.25000000  0.37500000  0.50000000  3.906250e-03
  0.25000000  0.37500000  0.75000000  3.906250e-03
  0.25000000  0.50000000  0.00000000  3.906250e-03
  0.25000000  0.50000000  0.25000000  3.906250e-03
  0.25000000  0.50000000  0.50000000  3.906250e-03
  0.25000000  0.50000000  0.75000000  3.906250e-03
  0.25000000  0.62500000  0.00000000  3.906250e-03
  0.25000000  0.62500000  0.25000000  3.906250e-03
  0.25000000  0.62500000  0.50000000  3.906250e-03
  0.25000000  0.62500000  0.75000000  3.906250e-03
  0.25000000  0.75000000  0.00000000  3.906250e-03
  0.25000000  0.75000000  0.25000000  3.906250e-03
  0.25000000  0.75000000  0.50000000  3.906250e-03
  0.25000000  0.75000000  0.75000000  3.906250e-03
  0.25000000  0.87500000  0.00000000  3.906250e-03
  0.25000000  0.87500000  0.25000000  3.906250e-03
  0.25000000  0.87500000  0.50000000  3.906250e-03
  0.25000000  0.87500000  0.75000000  3.906250e-03
  0.37500000  0.00000000  0.00000000  3.906250e-03
  0.37500000  0.00000000  0.25000000  3.906250e-03
  0.37500000  0.00000000  0.50000000  3.906250e-03
  0.37500000  0.00000000  0.75000000  3.906250e-03
  0.37500000  0.12500000  0.00000000  3.906250e-03
  0.37500000  0.12500000  0.25000000  3.906250e-03
  0.37500000  0.12500000  0.50000000  3.906250e-03
  0.37500000  0.12500000  0.75000000  3.906250e-03
  0.37500000  0.25000000  0.00000000  3.906250e-03
  0.37500000  0.25000000  0.25000000  3.906250e-03
  0.37500000  0.25000000  0.50000000  3.906250e-03
  0.37500000  0.25000000  0.75000000  3.906250e-03
  0.37500000  0.37500000  0.00000000  3.906250e-03
  0.37500000  0.37500000  0.25000000  3.906250e-03
  0.37500000  0.37500000  0.50000000  3.906250e-03
  0.37500000  0.37500000  0.75000000  3.906250e-03
  0.37500000  0.50000000  0.00000000  3.906250e-03
  0.37500000  0.50000000  0.25000000  3.906250e-03
  0.37500000  0.50000000  0.50000000  3.906250e-03
  0.37500000  0.50000000  0.75000000  3.906250e-03
  0.37500000  0.62500000  0.00000000  3.906250e-03
  0.37500000  0.62500000  0.25000000  3.906250e-03
  0.37500000  0.62500000  0.50000000  3.906250e-03
  0.37500000  0.62500000  0.75000000  3.906250e-03
  0.37500000  0.75000000  0.00000000  3.906250e-03
  0.37500000  0.75000000  0.25000000  3.906250e-03
  0.37500000  0.75000000  0.50000000  3.906250e-03
  0.37500000  0.75000000  0.75000000  3.906250e-03
  0.37500000  0.87500000  0.00000000  3.906250e-03
  0.37500000  0.87500000  0.25000000  3.906250e-03
  0.37500000  0.87500000  0.50000000  3.906250e-03
  0.37500000  0.87500000  0.75000000  3.906250e-03
  0.50000000  0.00000000  0.00000000  3.906250e-03
  0.50000000  0.00000000  0.25000000  3.906250e-03
  0.50000000  0.00000000  0.50000000  3.906250e-03
  0.50000000  0.00000000  0.75000000  3.906250e-03
  0.50000000  0.12500000  0.00000000  3.906250e-03
  0.50000000  0.12500000  0.25000000  3.906250e-03
  0.50000000  0.12500000  0.50000000  3.906250e-03
  0.50000000  0.12500000  0.75000000  3.906250e-03
  0.50000000  0.25000000  0.00000000  3.906250e-03
  0.50000000  0.25000000  0.25000000  3.906250e-03
  0.50000000  0.25000000  0.50000000  3.906250e-03
  0.50000000  0.25000000  0.75000000  3.906250e-03
  0.50000000  0.37500000  0.00000000  3.906250e-03
  0.50000000  0.37500000  0.25000000  3.906250e-03
  0.50000000  0.37500000  0.50000000  3.906250e-03
  0.50000000  0.37500000  0.75000000  3.906250e-03
  0.50000000  0.50000000  0.00000000  3.906250e-03
  0.50000000  0.50000000  0.25000000  3.906250e-03
  0.50000000  0.50000000  0.50000000  3.906250e-03
  0.50000000  0.50000000  0.75000000  3.906250e-03
  0.50000000  0.62500000  0.00000000  3.906250e-03
  0.50000000  0.62500000  0.25000000  3.906250e-03
  0.50000000  0.62500000  0.50000000  3.906250e-03
  0.50000000  0.62500000  0.75000000  3.906250e-03
  0.50000000  0.75000000  0.00000000  3.906250e-03
  0.50000000  0.75000000  0.25000000  3.906250e-03
  0.50000000  0.75000000  0.50000000  3.906250e-03
  0.50000000  0.75000000  0.75000000  3.906250e-03
  0.50000000  0.87500000  0.00000000  3.906250e-03
  0.50000000  0.87500000  0.25000000  3.906250e-03
  0.50000000  0.87500000  0.50000000  3.906250e-03
  0.50000000  0.87500000  0.75000000  3.906250e-03
  0.62500000  0.00000000  0.00000000  3.906250e-03
  0.62500000  0.00000000  0.25000000  3.906250e-03
  0.62500000  0.00000000  0.50000000  3.906250e-03
  0.62500000  0.00000000  0.75000000  3.906250e-03
  0.62500000  0.12500000  0.00000000  3.906250e-03
  0.62500000  0.12500000  0.25000000  3.906250e-03
  0.62500000  0.12500000  0.50000000  3.906250e-03
  0.62500000  0.12500000  0.75000000  3.906250e-03
  0.62500000  0.25000000  0.00000000  3.906250e-03
  0.62500000  0.25000000  0.25000000  3.906250e-03
  0.62500000  0.25000000  0.50000000  3.906250e-03
  0.62500000  0.25000000  0.75000000  3.906250e-03
  0.62500000  0.37500000  0.00000000  3.906250e-03
  0.62500000  0.37500000  0.25000000  3.906250e-03
  0.62500000  0.37500000  0.50000000  3.906250e-03
  0.62500000  0.37500000  0.75000000  3.906250e-03
  0.62500000  0.50000000  0.00000000  3.906250e-03
  0.62500000  0.50000000  0.25000000  3.906250e-03
  0.62500000  0.50000000  0.50000000  3.906250e-03
  0.62500000  0.50000000  0.75000000  3.906250e-03
  0.62500000  0.62500000  0.00000000  3.906250e-03
  0.62500000  0.62500000  0.25000000  3.906250e-03
  0.62500000  0.62500000  0.50000000  3.906250e-03
  0.62500000  0.62500000  0.75000000  3.906250e-03
  0.62500000  0.75000000  0.00000000  3.906250e-03
  0.62500000  0.75000000  0.25000000  3.906250e-03
  0.62500000  0.75000000  0.50000000  3.906250e-03
  0.62500000  0.75000000  0.75000000  3.906250e-03
  0.62500000  0.87500000  0.00000000  3.906250e-03
  0.62500000  0.87500000  0.25000000  3.906250e-03
  0.62500000  0.87500000  0.50000000  3.906250e-03
  0.62500000  0.87500000  0.75000000  3.906250e-03
  0.75000000  0.00000000  0.00000000  3.906250e-03
  0.75000000  0.00000000  0.25000000  3.906250e-03
  0.75000000  0.00000000  0.50000000  3.906250e-03
  0.75000000  0.00000000  0.75000000  3.906250e-03
  0.75000000  0.12500000  0.00000000  3.906250e-03
  0.75000000  0.12500000  0.25000000  3.906250e-03
  0.75000000  0.12500000  0.50000000  3.906250e-03
  0.75000000  0.12500000  0.75000000  3.906250e-03
  0.75000000  0.25000000  0.00000000  3.906250e-03
  0.75000000  0.25000000  0.25000000  3.906250e-03
  0.75000000  0.25000000  0.50000000  3.906250e-03
  0.75000000  0.25000000  0.75000000  3.906250e-03
  0.75000000  0.37500000  0.00000000  3.906250e-03
  0.75000000  0.37500000  0.25000000  3.906250e-03
  0.75000000  0.37500000  0.50000000  3.906250e-03
  0.75000000  0.37500000  0.75000000  3.906250e-03
  0.75000000  0.50000000  0.00000000  3.906250e-03
  0.75000000  0.50000000  0.25000000  3.906250e-03
  0.75000000  0.50000000  0.50000000  3.906250e-03
  0.75000000  0.50000000  0.75000000  3.906250e-03
  0.75000000  0.62500000  0.00000000  3.906250e-03
  0.75000000  0.62500000  0.25000000  3.906250e-03
  0.75000000  0.62500000  0.50000000  3.906250e-03
  0.75000000  0.62500000  0.75000000  3.906250e-03
  0.75000000  0.75000000  0.00000000  3.906250e-03
  0.75000000  0.75000000  0.25000000  3.906250e-03
  0.75000000  0.75000000  0.50000000  3.906250e-03
  0.75000000  0.75000000  0.75000000  3.906250e-03
  0.75000000  0.87500000  0.00000000  3.906250e-03
  0.75000000  0.87500000  0.25000000  3.906250e-03
  0.75000000  0.87500000  0.50000000  3.906250e-03
  0.75000000  0.87500000  0.75000000  3.906250e-03
  0.87500000  0.00000000  0.00000000  3.906250e-03
  0.87500000  0.00000000  0.25000000  3.906250e-03
  0.87500000  0.00000000  0.50000000  3.906250e-03
  0.87500000  0.00000000  0.75000000  3.906250e-03
  0.87500000  0.12500000  0.00000000  3.906250e-03
  0.87500000  0.12500000  0.25000000  3.906250e-03
  0.87500000  0.12500000  0.50000000  3.906250e-03
  0.87500000  0.12500000  0.75000000  3.906250e-03
  0.87500000  0.25000000  0.00000000  3.906250e-03
  0.87500000  0.25000000  0.25000000  3.906250e-03
  0.87500000  0.25000000  0.50000000  3.906250e-03
  0.87500000  0.25000000  0.75000000  3.906250e-03
  0.87500000  0.37500000  0.00000000  3.906250e-03
  0.87500000  0.37500000  0.25000000  3.906250e-03
  0.87500000  0.37500000  0.50000000  3.906250e-03
  0.87500000  0.37500000  0.75000000  3.906250e-03
  0.87500000  0.50000000  0.00000000  3.906250e-03
  0.87500000  0.50000000  0.25000000  3.906250e-03
  0.87500000  0.50000000  0.50000000  3.906250e-03
  0.87500000  0.50000000  0.75000000  3.906250e-03
  0.87500000  0.62500000  0.00000000  3.906250e-03
  0.87500000  0.62500000  0.25000000  3.906250e-03
  0.87500000  0.62500000  0.50000000  3.906250e-03
  0.87500000  0.62500000  0.75000000  3.906250e-03
  0.87500000  0.75000000  0.00000000  3.906250e-03
  0.87500000  0.75000000  0.25000000  3.906250e-03
  0.87500000  0.75000000  0.50000000  3.906250e-03
  0.87500000  0.75000000  0.75000000  3.906250e-03
  0.87500000  0.87500000  0.00000000  3.906250e-03
  0.87500000  0.87500000  0.25000000  3.906250e-03
  0.87500000  0.87500000  0.50000000  3.906250e-03
  0.87500000  0.87500000  0.75000000  3.906250e-03
